1
0
0
12
0
1
6
5
2
4
5
4
0
4
3
0
10
1
2
9
1
4
8
4
2
0
3
3
0
20
3
0
25
0
20
3
0
0
9
8
13
13
0
0
4
3
0
5
0
0
0
1
0
4
1
10
0
15
5
5
31
1
0
0
4
4
4
4
4
4
4
4
4
4
4
4
4
4
4
4
4
4
12
13
13
13
13
13
13
13
13
13
13
13
13
13
13
14
14
14
14
14
14
14
14
15
15
0
0
0
0
0
0
0
0
0
0
0
1
1
1
1
1
1
1
1
1
1
1
1
1
1
1
1
1
1
1
1
1
1
1
1
1
1
1
1
1
1
1
1
1
1
1
1
1
1
1
1
1
1
1
1
1
1
1
1
1
1
1
0
0
0
0
0
0
0
0
0
0
0
0
0
0
0
0
0
0
0
0
4
4
4
4
4
4
4
4
4
4
4
4
4
4
4
4
4
0
0
0
0
0
0
0
0
0
0
0
0
0
0
0
0
0
0
0
0
0
0
0
0
0
0
0
0
0
0
0
0
0
0
0
0
0
0
0
0
0
0
0
6
6
6
6
6
6
6
6
6
6
6
6
6
6
6
6
6
6
6
6
6
6
6
6
6
0
8
1
6
4
2
0
0
0
0
0
0
0
0
0
1
0
1
0
0
0
0
0
1
6
0
5
0
1
10
9
0
0
12
5
3
9
5
11
1
0
0
0
0
0
0
0
0
0
0
0
0
0
0
0
5
1
11
11
0
36
7
0
0
0
0
0
0
0
0
2
1
1
0
6
0
0
7
10
2
8
14
7
0
24
3
0
0
9
10
0
1
7
2
15
0
11
4
17
2
1
1
37
0
1
7
